function f=f1515(x)
%例15-15中利润函数的相反数
f=-200*x(1)-300*x(2)+x(1)^2+2*x(1)*x(2)+2*x(2)^2+2000;
